semilla	cp	maxdepth	minsplit	minbucket	ganancia_test
305369	-0.5	4	1000	5	169060000
908797	-0.5	4	1000	5	162350000
266129	-0.5	4	1000	5	154230000
314693	-0.5	4	1000	5	176190000
801569	-0.5	4	1000	5	160670000
934229	-0.5	4	1000	5	167750000
997609	-0.5	4	1000	5	147610000
941207	-0.5	4	1000	5	167440000
614051	-0.5	4	1000	5	164430000
235241	-0.5	4	1000	5	172990000
420811	-0.5	4	1000	5	146690000
163147	-0.5	4	1000	5	147640000
282571	-0.5	4	1000	5	144430000
998813	-0.5	4	1000	5	167420000
140827	-0.5	4	1000	5	156460000
916337	-0.5	4	1000	5	142160000
386363	-0.5	4	1000	5	146340000
695117	-0.5	4	1000	5	139580000
176357	-0.5	4	1000	5	155460000
333673	-0.5	4	1000	5	1.61e+08
305369	-0.5	4	1000	20	167180000
908797	-0.5	4	1000	20	163020000
266129	-0.5	4	1000	20	170240000
314693	-0.5	4	1000	20	176190000
801569	-0.5	4	1000	20	155070000
934229	-0.5	4	1000	20	167750000
997609	-0.5	4	1000	20	148490000
941207	-0.5	4	1000	20	167440000
614051	-0.5	4	1000	20	164430000
235241	-0.5	4	1000	20	172990000
420811	-0.5	4	1000	20	143540000
163147	-0.5	4	1000	20	149210000
282571	-0.5	4	1000	20	144430000
998813	-0.5	4	1000	20	167420000
140827	-0.5	4	1000	20	157310000
916337	-0.5	4	1000	20	147730000
386363	-0.5	4	1000	20	144320000
695117	-0.5	4	1000	20	139650000
176357	-0.5	4	1000	20	158660000
333673	-0.5	4	1000	20	161910000
305369	-0.5	4	800	5	169060000
908797	-0.5	4	800	5	157040000
266129	-0.5	4	800	5	151900000
314693	-0.5	4	800	5	178450000
801569	-0.5	4	800	5	161260000
934229	-0.5	4	800	5	171160000
997609	-0.5	4	800	5	143910000
941207	-0.5	4	800	5	167340000
614051	-0.5	4	800	5	164630000
235241	-0.5	4	800	5	169780000
420811	-0.5	4	800	5	146690000
163147	-0.5	4	800	5	146100000
282571	-0.5	4	800	5	144430000
998813	-0.5	4	800	5	167020000
140827	-0.5	4	800	5	161580000
916337	-0.5	4	800	5	142160000
386363	-0.5	4	800	5	146340000
695117	-0.5	4	800	5	139580000
176357	-0.5	4	800	5	154770000
333673	-0.5	4	800	5	1.61e+08
305369	-0.5	4	800	20	167180000
908797	-0.5	4	800	20	157710000
266129	-0.5	4	800	20	167910000
314693	-0.5	4	800	20	179200000
801569	-0.5	4	800	20	155660000
934229	-0.5	4	800	20	171160000
997609	-0.5	4	800	20	144790000
941207	-0.5	4	800	20	167340000
614051	-0.5	4	800	20	164560000
235241	-0.5	4	800	20	169780000
420811	-0.5	4	800	20	143540000
163147	-0.5	4	800	20	147670000
282571	-0.5	4	800	20	144430000
998813	-0.5	4	800	20	166910000
140827	-0.5	4	800	20	172810000
916337	-0.5	4	800	20	147730000
386363	-0.5	4	800	20	144320000
695117	-0.5	4	800	20	139650000
176357	-0.5	4	800	20	157970000
333673	-0.5	4	800	20	161910000
305369	-0.5	4	600	5	168980000
908797	-0.5	4	600	5	157030000
266129	-0.5	4	600	5	151900000
314693	-0.5	4	600	5	178450000
801569	-0.5	4	600	5	162060000
934229	-0.5	4	600	5	171080000
997609	-0.5	4	600	5	143910000
941207	-0.5	4	600	5	168130000
614051	-0.5	4	600	5	164630000
235241	-0.5	4	600	5	169780000
420811	-0.5	4	600	5	147520000
163147	-0.5	4	600	5	146090000
282571	-0.5	4	600	5	145260000
998813	-0.5	4	600	5	167020000
140827	-0.5	4	600	5	161570000
916337	-0.5	4	600	5	142030000
386363	-0.5	4	600	5	148060000
695117	-0.5	4	600	5	141310000
176357	-0.5	4	600	5	155660000
333673	-0.5	4	600	5	161660000
305369	-0.5	4	600	20	167890000
908797	-0.5	4	600	20	157620000
266129	-0.5	4	600	20	167910000
314693	-0.5	4	600	20	179200000
801569	-0.5	4	600	20	157240000
934229	-0.5	4	600	20	171080000
997609	-0.5	4	600	20	144790000
941207	-0.5	4	600	20	168120000
614051	-0.5	4	600	20	164560000
235241	-0.5	4	600	20	169780000
420811	-0.5	4	600	20	143920000
163147	-0.5	4	600	20	147670000
282571	-0.5	4	600	20	144110000
998813	-0.5	4	600	20	166910000
140827	-0.5	4	600	20	173620000
916337	-0.5	4	600	20	148440000
386363	-0.5	4	600	20	145110000
695117	-0.5	4	600	20	141380000
176357	-0.5	4	600	20	158830000
333673	-0.5	4	600	20	162570000
305369	-0.5	4	400	5	168980000
908797	-0.5	4	400	5	157030000
266129	-0.5	4	400	5	153200000
314693	-0.5	4	400	5	178450000
801569	-0.5	4	400	5	162060000
934229	-0.5	4	400	5	171080000
997609	-0.5	4	400	5	144180000
941207	-0.5	4	400	5	168130000
614051	-0.5	4	400	5	164630000
235241	-0.5	4	400	5	169760000
420811	-0.5	4	400	5	147520000
163147	-0.5	4	400	5	145880000
282571	-0.5	4	400	5	145190000
998813	-0.5	4	400	5	167020000
140827	-0.5	4	400	5	161570000
916337	-0.5	4	400	5	142030000
386363	-0.5	4	400	5	148060000
695117	-0.5	4	400	5	141310000
176357	-0.5	4	400	5	155660000
333673	-0.5	4	400	5	161660000
305369	-0.5	4	400	20	167890000
908797	-0.5	4	400	20	157620000
266129	-0.5	4	400	20	169210000
314693	-0.5	4	400	20	179200000
801569	-0.5	4	400	20	157240000
934229	-0.5	4	400	20	171080000
997609	-0.5	4	400	20	145060000
941207	-0.5	4	400	20	168120000
614051	-0.5	4	400	20	164560000
235241	-0.5	4	400	20	169710000
420811	-0.5	4	400	20	143920000
163147	-0.5	4	400	20	148210000
282571	-0.5	4	400	20	144460000
998813	-0.5	4	400	20	166910000
140827	-0.5	4	400	20	173620000
916337	-0.5	4	400	20	148440000
386363	-0.5	4	400	20	145110000
695117	-0.5	4	400	20	141380000
176357	-0.5	4	400	20	158830000
333673	-0.5	4	400	20	162570000
305369	-0.5	4	200	5	168780000
908797	-0.5	4	200	5	157030000
266129	-0.5	4	200	5	149310000
314693	-0.5	4	200	5	178450000
801569	-0.5	4	200	5	162220000
934229	-0.5	4	200	5	171740000
997609	-0.5	4	200	5	144180000
941207	-0.5	4	200	5	168130000
614051	-0.5	4	200	5	164630000
235241	-0.5	4	200	5	169760000
420811	-0.5	4	200	5	147520000
163147	-0.5	4	200	5	145880000
282571	-0.5	4	200	5	145040000
998813	-0.5	4	200	5	167020000
140827	-0.5	4	200	5	161570000
916337	-0.5	4	200	5	143010000
386363	-0.5	4	200	5	148060000
695117	-0.5	4	200	5	141310000
176357	-0.5	4	200	5	155660000
333673	-0.5	4	200	5	162170000
305369	-0.5	4	200	20	167690000
908797	-0.5	4	200	20	157620000
266129	-0.5	4	200	20	169210000
314693	-0.5	4	200	20	179200000
801569	-0.5	4	200	20	157400000
934229	-0.5	4	200	20	171740000
997609	-0.5	4	200	20	145060000
941207	-0.5	4	200	20	168120000
614051	-0.5	4	200	20	164560000
235241	-0.5	4	200	20	169710000
420811	-0.5	4	200	20	143920000
163147	-0.5	4	200	20	148210000
282571	-0.5	4	200	20	144310000
998813	-0.5	4	200	20	166910000
140827	-0.5	4	200	20	173620000
916337	-0.5	4	200	20	148440000
386363	-0.5	4	200	20	145110000
695117	-0.5	4	200	20	141380000
176357	-0.5	4	200	20	158830000
333673	-0.5	4	200	20	163080000
305369	-0.5	4	100	5	168780000
908797	-0.5	4	100	5	157210000
266129	-0.5	4	100	5	149310000
314693	-0.5	4	100	5	178450000
801569	-0.5	4	100	5	162220000
934229	-0.5	4	100	5	171740000
997609	-0.5	4	100	5	144280000
941207	-0.5	4	100	5	168130000
614051	-0.5	4	100	5	164630000
235241	-0.5	4	100	5	169760000
420811	-0.5	4	100	5	147520000
163147	-0.5	4	100	5	145880000
282571	-0.5	4	100	5	145040000
998813	-0.5	4	100	5	167020000
140827	-0.5	4	100	5	161570000
916337	-0.5	4	100	5	143010000
386363	-0.5	4	100	5	148060000
695117	-0.5	4	100	5	141310000
176357	-0.5	4	100	5	155660000
333673	-0.5	4	100	5	162170000
305369	-0.5	4	100	20	167690000
908797	-0.5	4	100	20	157800000
266129	-0.5	4	100	20	169210000
314693	-0.5	4	100	20	179200000
801569	-0.5	4	100	20	157400000
934229	-0.5	4	100	20	171740000
997609	-0.5	4	100	20	145160000
941207	-0.5	4	100	20	168120000
614051	-0.5	4	100	20	164560000
235241	-0.5	4	100	20	169710000
420811	-0.5	4	100	20	143920000
163147	-0.5	4	100	20	148210000
282571	-0.5	4	100	20	144310000
998813	-0.5	4	100	20	166910000
140827	-0.5	4	100	20	173620000
916337	-0.5	4	100	20	148440000
386363	-0.5	4	100	20	145110000
695117	-0.5	4	100	20	141380000
176357	-0.5	4	100	20	158830000
333673	-0.5	4	100	20	163080000
305369	-0.5	4	50	5	168780000
908797	-0.5	4	50	5	157210000
266129	-0.5	4	50	5	149480000
314693	-0.5	4	50	5	178630000
801569	-0.5	4	50	5	162220000
934229	-0.5	4	50	5	171740000
997609	-0.5	4	50	5	144280000
941207	-0.5	4	50	5	168130000
614051	-0.5	4	50	5	164630000
235241	-0.5	4	50	5	169760000
420811	-0.5	4	50	5	147520000
163147	-0.5	4	50	5	145880000
282571	-0.5	4	50	5	145040000
998813	-0.5	4	50	5	167150000
140827	-0.5	4	50	5	161730000
916337	-0.5	4	50	5	143010000
386363	-0.5	4	50	5	148060000
695117	-0.5	4	50	5	141310000
176357	-0.5	4	50	5	155660000
333673	-0.5	4	50	5	162170000
305369	-0.5	4	50	20	167690000
908797	-0.5	4	50	20	157800000
266129	-0.5	4	50	20	169380000
314693	-0.5	4	50	20	179380000
801569	-0.5	4	50	20	157400000
934229	-0.5	4	50	20	171740000
997609	-0.5	4	50	20	145160000
941207	-0.5	4	50	20	168120000
614051	-0.5	4	50	20	164560000
235241	-0.5	4	50	20	169710000
420811	-0.5	4	50	20	143920000
163147	-0.5	4	50	20	148210000
282571	-0.5	4	50	20	144310000
998813	-0.5	4	50	20	167040000
140827	-0.5	4	50	20	173780000
916337	-0.5	4	50	20	148440000
386363	-0.5	4	50	20	145110000
695117	-0.5	4	50	20	141380000
176357	-0.5	4	50	20	158830000
333673	-0.5	4	50	20	163080000
305369	-0.5	4	20	5	168780000
908797	-0.5	4	20	5	157210000
266129	-0.5	4	20	5	149480000
314693	-0.5	4	20	5	178630000
801569	-0.5	4	20	5	162220000
934229	-0.5	4	20	5	171740000
997609	-0.5	4	20	5	144280000
941207	-0.5	4	20	5	168130000
614051	-0.5	4	20	5	164630000
235241	-0.5	4	20	5	169760000
420811	-0.5	4	20	5	147520000
163147	-0.5	4	20	5	145880000
282571	-0.5	4	20	5	145040000
998813	-0.5	4	20	5	167150000
140827	-0.5	4	20	5	161730000
916337	-0.5	4	20	5	143010000
386363	-0.5	4	20	5	148060000
695117	-0.5	4	20	5	141310000
176357	-0.5	4	20	5	155660000
333673	-0.5	4	20	5	162170000
305369	-0.5	4	20	20	167690000
908797	-0.5	4	20	20	157800000
266129	-0.5	4	20	20	169380000
314693	-0.5	4	20	20	179380000
801569	-0.5	4	20	20	157400000
934229	-0.5	4	20	20	171740000
997609	-0.5	4	20	20	145160000
941207	-0.5	4	20	20	168120000
614051	-0.5	4	20	20	164560000
235241	-0.5	4	20	20	169710000
420811	-0.5	4	20	20	143920000
163147	-0.5	4	20	20	148210000
282571	-0.5	4	20	20	144310000
998813	-0.5	4	20	20	167040000
140827	-0.5	4	20	20	173780000
916337	-0.5	4	20	20	148440000
386363	-0.5	4	20	20	145110000
695117	-0.5	4	20	20	141380000
176357	-0.5	4	20	20	158830000
333673	-0.5	4	20	20	163080000
305369	-0.5	4	10	5	168780000
908797	-0.5	4	10	5	157210000
266129	-0.5	4	10	5	149480000
314693	-0.5	4	10	5	178630000
801569	-0.5	4	10	5	162220000
934229	-0.5	4	10	5	171740000
997609	-0.5	4	10	5	144280000
941207	-0.5	4	10	5	168130000
614051	-0.5	4	10	5	164630000
235241	-0.5	4	10	5	169760000
420811	-0.5	4	10	5	147520000
163147	-0.5	4	10	5	145880000
282571	-0.5	4	10	5	145040000
998813	-0.5	4	10	5	167150000
140827	-0.5	4	10	5	161730000
916337	-0.5	4	10	5	143010000
386363	-0.5	4	10	5	148060000
695117	-0.5	4	10	5	141310000
176357	-0.5	4	10	5	155660000
333673	-0.5	4	10	5	162170000
305369	-0.5	4	10	20	167690000
908797	-0.5	4	10	20	157800000
266129	-0.5	4	10	20	169380000
314693	-0.5	4	10	20	179380000
801569	-0.5	4	10	20	157400000
934229	-0.5	4	10	20	171740000
997609	-0.5	4	10	20	145160000
941207	-0.5	4	10	20	168120000
614051	-0.5	4	10	20	164560000
235241	-0.5	4	10	20	169710000
420811	-0.5	4	10	20	143920000
163147	-0.5	4	10	20	148210000
282571	-0.5	4	10	20	144310000
998813	-0.5	4	10	20	167040000
140827	-0.5	4	10	20	173780000
916337	-0.5	4	10	20	148440000
386363	-0.5	4	10	20	145110000
695117	-0.5	4	10	20	141380000
176357	-0.5	4	10	20	158830000
333673	-0.5	4	10	20	163080000
305369	-0.5	6	1000	5	154100000
908797	-0.5	6	1000	5	161650000
266129	-0.5	6	1000	5	155420000
314693	-0.5	6	1000	5	171310000
801569	-0.5	6	1000	5	152130000
934229	-0.5	6	1000	5	151550000
997609	-0.5	6	1000	5	161200000
941207	-0.5	6	1000	5	161100000
614051	-0.5	6	1000	5	164290000
235241	-0.5	6	1000	5	167160000
420811	-0.5	6	1000	5	149520000
163147	-0.5	6	1000	5	153530000
282571	-0.5	6	1000	5	160720000
998813	-0.5	6	1000	5	171520000
140827	-0.5	6	1000	5	145400000
916337	-0.5	6	1000	5	144500000
386363	-0.5	6	1000	5	144800000
695117	-0.5	6	1000	5	133070000
176357	-0.5	6	1000	5	161800000
333673	-0.5	6	1000	5	147200000
305369	-0.5	6	1000	20	156880000
908797	-0.5	6	1000	20	162310000
266129	-0.5	6	1000	20	152270000
314693	-0.5	6	1000	20	171310000
801569	-0.5	6	1000	20	153820000
934229	-0.5	6	1000	20	150170000
997609	-0.5	6	1000	20	162510000
941207	-0.5	6	1000	20	160670000
614051	-0.5	6	1000	20	164320000
235241	-0.5	6	1000	20	167720000
420811	-0.5	6	1000	20	142410000
163147	-0.5	6	1000	20	161380000
282571	-0.5	6	1000	20	147190000
998813	-0.5	6	1000	20	170940000
140827	-0.5	6	1000	20	145200000
916337	-0.5	6	1000	20	151880000
386363	-0.5	6	1000	20	144910000
695117	-0.5	6	1000	20	134450000
176357	-0.5	6	1000	20	164850000
333673	-0.5	6	1000	20	150690000
305369	-0.5	6	800	5	154100000
908797	-0.5	6	800	5	156340000
266129	-0.5	6	800	5	153030000
314693	-0.5	6	800	5	173460000
801569	-0.5	6	800	5	152720000
934229	-0.5	6	800	5	154880000
997609	-0.5	6	800	5	158100000
941207	-0.5	6	800	5	160960000
614051	-0.5	6	800	5	163840000
235241	-0.5	6	800	5	163950000
420811	-0.5	6	800	5	149520000
163147	-0.5	6	800	5	151990000
282571	-0.5	6	800	5	160710000
998813	-0.5	6	800	5	171100000
140827	-0.5	6	800	5	150480000
916337	-0.5	6	800	5	144550000
386363	-0.5	6	800	5	144760000
695117	-0.5	6	800	5	133070000
176357	-0.5	6	800	5	161020000
333673	-0.5	6	800	5	147810000
305369	-0.5	6	800	20	156880000
908797	-0.5	6	800	20	156890000
266129	-0.5	6	800	20	149580000
314693	-0.5	6	800	20	174160000
801569	-0.5	6	800	20	155190000
934229	-0.5	6	800	20	153510000
997609	-0.5	6	800	20	159470000
941207	-0.5	6	800	20	165510000
614051	-0.5	6	800	20	163790000
235241	-0.5	6	800	20	164510000
420811	-0.5	6	800	20	142410000
163147	-0.5	6	800	20	159840000
282571	-0.5	6	800	20	147390000
998813	-0.5	6	800	20	168820000
140827	-0.5	6	800	20	160450000
916337	-0.5	6	800	20	150670000
386363	-0.5	6	800	20	144720000
695117	-0.5	6	800	20	134280000
176357	-0.5	6	800	20	163840000
333673	-0.5	6	800	20	151870000
305369	-0.5	6	600	5	154440000
908797	-0.5	6	600	5	157940000
266129	-0.5	6	600	5	153030000
314693	-0.5	6	600	5	173410000
801569	-0.5	6	600	5	154180000
934229	-0.5	6	600	5	155490000
997609	-0.5	6	600	5	158100000
941207	-0.5	6	600	5	161750000
614051	-0.5	6	600	5	163820000
235241	-0.5	6	600	5	164660000
420811	-0.5	6	600	5	150750000
163147	-0.5	6	600	5	151870000
282571	-0.5	6	600	5	161540000
998813	-0.5	6	600	5	170980000
140827	-0.5	6	600	5	155630000
916337	-0.5	6	600	5	144840000
386363	-0.5	6	600	5	147590000
695117	-0.5	6	600	5	135580000
176357	-0.5	6	600	5	161910000
333673	-0.5	6	600	5	149880000
305369	-0.5	6	600	20	157430000
908797	-0.5	6	600	20	160890000
266129	-0.5	6	600	20	152060000
314693	-0.5	6	600	20	174160000
801569	-0.5	6	600	20	156770000
934229	-0.5	6	600	20	154120000
997609	-0.5	6	600	20	161840000
941207	-0.5	6	600	20	167080000
614051	-0.5	6	600	20	164160000
235241	-0.5	6	600	20	164510000
420811	-0.5	6	600	20	142380000
163147	-0.5	6	600	20	159760000
282571	-0.5	6	600	20	149060000
998813	-0.5	6	600	20	168360000
140827	-0.5	6	600	20	160510000
916337	-0.5	6	600	20	151810000
386363	-0.5	6	600	20	147020000
695117	-0.5	6	600	20	136720000
176357	-0.5	6	600	20	164500000
333673	-0.5	6	600	20	154080000
305369	-0.5	6	400	5	154440000
908797	-0.5	6	400	5	159510000
266129	-0.5	6	400	5	150580000
314693	-0.5	6	400	5	173220000
801569	-0.5	6	400	5	154130000
934229	-0.5	6	400	5	155420000
997609	-0.5	6	400	5	158290000
941207	-0.5	6	400	5	160380000
614051	-0.5	6	400	5	163800000
235241	-0.5	6	400	5	1.64e+08
420811	-0.5	6	400	5	150590000
163147	-0.5	6	400	5	151570000
282571	-0.5	6	400	5	161210000
998813	-0.5	6	400	5	166150000
140827	-0.5	6	400	5	156500000
916337	-0.5	6	400	5	144460000
386363	-0.5	6	400	5	147520000
695117	-0.5	6	400	5	135140000
176357	-0.5	6	400	5	161800000
333673	-0.5	6	400	5	153420000
305369	-0.5	6	400	20	158230000
908797	-0.5	6	400	20	160950000
266129	-0.5	6	400	20	149530000
314693	-0.5	6	400	20	171940000
801569	-0.5	6	400	20	158940000
934229	-0.5	6	400	20	155710000
997609	-0.5	6	400	20	162740000
941207	-0.5	6	400	20	166180000
614051	-0.5	6	400	20	164570000
235241	-0.5	6	400	20	164030000
420811	-0.5	6	400	20	145570000
163147	-0.5	6	400	20	158890000
282571	-0.5	6	400	20	149300000
998813	-0.5	6	400	20	163540000
140827	-0.5	6	400	20	164460000
916337	-0.5	6	400	20	150950000
386363	-0.5	6	400	20	146780000
695117	-0.5	6	400	20	135590000
176357	-0.5	6	400	20	167030000
333673	-0.5	6	400	20	155490000
305369	-0.5	6	200	5	154240000
908797	-0.5	6	200	5	160400000
266129	-0.5	6	200	5	149690000
314693	-0.5	6	200	5	173220000
801569	-0.5	6	200	5	153190000
934229	-0.5	6	200	5	156080000
997609	-0.5	6	200	5	157760000
941207	-0.5	6	200	5	160380000
614051	-0.5	6	200	5	162760000
235241	-0.5	6	200	5	163160000
420811	-0.5	6	200	5	148390000
163147	-0.5	6	200	5	151570000
282571	-0.5	6	200	5	159860000
998813	-0.5	6	200	5	166150000
140827	-0.5	6	200	5	158170000
916337	-0.5	6	200	5	144520000
386363	-0.5	6	200	5	146780000
695117	-0.5	6	200	5	135140000
176357	-0.5	6	200	5	161360000
333673	-0.5	6	200	5	153930000
305369	-0.5	6	200	20	156130000
908797	-0.5	6	200	20	160950000
266129	-0.5	6	200	20	149310000
314693	-0.5	6	200	20	171940000
801569	-0.5	6	200	20	159100000
934229	-0.5	6	200	20	156080000
997609	-0.5	6	200	20	160680000
941207	-0.5	6	200	20	165380000
614051	-0.5	6	200	20	164280000
235241	-0.5	6	200	20	164030000
420811	-0.5	6	200	20	139170000
163147	-0.5	6	200	20	158890000
282571	-0.5	6	200	20	147950000
998813	-0.5	6	200	20	163540000
140827	-0.5	6	200	20	163720000
916337	-0.5	6	200	20	149570000
386363	-0.5	6	200	20	145710000
695117	-0.5	6	200	20	130800000
176357	-0.5	6	200	20	167030000
333673	-0.5	6	200	20	1.56e+08
305369	-0.5	6	100	5	155080000
908797	-0.5	6	100	5	160580000
266129	-0.5	6	100	5	150990000
314693	-0.5	6	100	5	169020000
801569	-0.5	6	100	5	152740000
934229	-0.5	6	100	5	155960000
997609	-0.5	6	100	5	158410000
941207	-0.5	6	100	5	160380000
614051	-0.5	6	100	5	162760000
235241	-0.5	6	100	5	163640000
420811	-0.5	6	100	5	148390000
163147	-0.5	6	100	5	148480000
282571	-0.5	6	100	5	159860000
998813	-0.5	6	100	5	166070000
140827	-0.5	6	100	5	158170000
916337	-0.5	6	100	5	145040000
386363	-0.5	6	100	5	147280000
695117	-0.5	6	100	5	135140000
176357	-0.5	6	100	5	161370000
333673	-0.5	6	100	5	154320000
305369	-0.5	6	100	20	154450000
908797	-0.5	6	100	20	161920000
266129	-0.5	6	100	20	147750000
314693	-0.5	6	100	20	167790000
801569	-0.5	6	100	20	158290000
934229	-0.5	6	100	20	155850000
997609	-0.5	6	100	20	160530000
941207	-0.5	6	100	20	163940000
614051	-0.5	6	100	20	164670000
235241	-0.5	6	100	20	162300000
420811	-0.5	6	100	20	138690000
163147	-0.5	6	100	20	161260000
282571	-0.5	6	100	20	148270000
998813	-0.5	6	100	20	163300000
140827	-0.5	6	100	20	163720000
916337	-0.5	6	100	20	149570000
386363	-0.5	6	100	20	146490000
695117	-0.5	6	100	20	131410000
176357	-0.5	6	100	20	165120000
333673	-0.5	6	100	20	156390000
305369	-0.5	6	50	5	154250000
908797	-0.5	6	50	5	160580000
266129	-0.5	6	50	5	151160000
314693	-0.5	6	50	5	169200000
801569	-0.5	6	50	5	152740000
934229	-0.5	6	50	5	156100000
997609	-0.5	6	50	5	158460000
941207	-0.5	6	50	5	160380000
614051	-0.5	6	50	5	162760000
235241	-0.5	6	50	5	1.62e+08
420811	-0.5	6	50	5	148390000
163147	-0.5	6	50	5	148480000
282571	-0.5	6	50	5	159940000
998813	-0.5	6	50	5	166320000
140827	-0.5	6	50	5	158400000
916337	-0.5	6	50	5	144170000
386363	-0.5	6	50	5	147290000
695117	-0.5	6	50	5	135280000
176357	-0.5	6	50	5	161370000
333673	-0.5	6	50	5	152060000
305369	-0.5	6	50	20	154450000
908797	-0.5	6	50	20	161920000
266129	-0.5	6	50	20	148320000
314693	-0.5	6	50	20	167210000
801569	-0.5	6	50	20	156870000
934229	-0.5	6	50	20	156150000
997609	-0.5	6	50	20	160580000
941207	-0.5	6	50	20	164090000
614051	-0.5	6	50	20	164900000
235241	-0.5	6	50	20	161500000
420811	-0.5	6	50	20	137090000
163147	-0.5	6	50	20	157370000
282571	-0.5	6	50	20	147470000
998813	-0.5	6	50	20	162910000
140827	-0.5	6	50	20	159720000
916337	-0.5	6	50	20	149860000
386363	-0.5	6	50	20	145800000
695117	-0.5	6	50	20	130930000
176357	-0.5	6	50	20	165190000
333673	-0.5	6	50	20	155860000
305369	-0.5	6	20	5	154330000
908797	-0.5	6	20	5	159860000
266129	-0.5	6	20	5	151150000
314693	-0.5	6	20	5	169180000
801569	-0.5	6	20	5	152780000
934229	-0.5	6	20	5	153700000
997609	-0.5	6	20	5	157440000
941207	-0.5	6	20	5	160540000
614051	-0.5	6	20	5	161100000
235241	-0.5	6	20	5	160370000
420811	-0.5	6	20	5	148520000
163147	-0.5	6	20	5	148720000
282571	-0.5	6	20	5	160050000
998813	-0.5	6	20	5	166300000
140827	-0.5	6	20	5	158370000
916337	-0.5	6	20	5	144170000
386363	-0.5	6	20	5	147630000
695117	-0.5	6	20	5	135300000
176357	-0.5	6	20	5	158930000
333673	-0.5	6	20	5	150290000
305369	-0.5	6	20	20	154450000
908797	-0.5	6	20	20	161820000
266129	-0.5	6	20	20	148270000
314693	-0.5	6	20	20	167130000
801569	-0.5	6	20	20	156870000
934229	-0.5	6	20	20	154710000
997609	-0.5	6	20	20	162280000
941207	-0.5	6	20	20	164090000
614051	-0.5	6	20	20	164950000
235241	-0.5	6	20	20	161500000
420811	-0.5	6	20	20	137090000
163147	-0.5	6	20	20	157370000
282571	-0.5	6	20	20	147470000
998813	-0.5	6	20	20	162780000
140827	-0.5	6	20	20	159620000
916337	-0.5	6	20	20	149770000
386363	-0.5	6	20	20	145890000
695117	-0.5	6	20	20	130830000
176357	-0.5	6	20	20	165190000
333673	-0.5	6	20	20	155860000
305369	-0.5	6	10	5	154350000
908797	-0.5	6	10	5	159890000
266129	-0.5	6	10	5	151160000
314693	-0.5	6	10	5	169260000
801569	-0.5	6	10	5	152830000
934229	-0.5	6	10	5	153780000
997609	-0.5	6	10	5	157460000
941207	-0.5	6	10	5	160650000
614051	-0.5	6	10	5	161160000
235241	-0.5	6	10	5	160550000
420811	-0.5	6	10	5	148530000
163147	-0.5	6	10	5	148860000
282571	-0.5	6	10	5	159290000
998813	-0.5	6	10	5	166390000
140827	-0.5	6	10	5	157540000
916337	-0.5	6	10	5	144270000
386363	-0.5	6	10	5	145040000
695117	-0.5	6	10	5	133650000
176357	-0.5	6	10	5	158060000
333673	-0.5	6	10	5	150370000
305369	-0.5	6	10	20	154450000
908797	-0.5	6	10	20	161820000
266129	-0.5	6	10	20	148270000
314693	-0.5	6	10	20	167130000
801569	-0.5	6	10	20	156870000
934229	-0.5	6	10	20	154710000
997609	-0.5	6	10	20	162280000
941207	-0.5	6	10	20	164090000
614051	-0.5	6	10	20	164950000
235241	-0.5	6	10	20	161500000
420811	-0.5	6	10	20	137090000
163147	-0.5	6	10	20	157370000
282571	-0.5	6	10	20	147470000
998813	-0.5	6	10	20	162780000
140827	-0.5	6	10	20	159620000
916337	-0.5	6	10	20	149770000
386363	-0.5	6	10	20	145890000
695117	-0.5	6	10	20	130830000
176357	-0.5	6	10	20	165190000
333673	-0.5	6	10	20	155860000
305369	-0.5	8	1000	5	164830000
908797	-0.5	8	1000	5	151640000
266129	-0.5	8	1000	5	143480000
314693	-0.5	8	1000	5	167280000
801569	-0.5	8	1000	5	148090000
934229	-0.5	8	1000	5	155410000
997609	-0.5	8	1000	5	161480000
941207	-0.5	8	1000	5	163950000
614051	-0.5	8	1000	5	164650000
235241	-0.5	8	1000	5	174850000
420811	-0.5	8	1000	5	150110000
163147	-0.5	8	1000	5	141390000
282571	-0.5	8	1000	5	149070000
998813	-0.5	8	1000	5	162610000
140827	-0.5	8	1000	5	150330000
916337	-0.5	8	1000	5	147710000
386363	-0.5	8	1000	5	153090000
695117	-0.5	8	1000	5	143800000
176357	-0.5	8	1000	5	169970000
333673	-0.5	8	1000	5	152380000
305369	-0.5	8	1000	20	168950000
908797	-0.5	8	1000	20	176060000
266129	-0.5	8	1000	20	154830000
314693	-0.5	8	1000	20	170320000
801569	-0.5	8	1000	20	149170000
934229	-0.5	8	1000	20	156030000
997609	-0.5	8	1000	20	161320000
941207	-0.5	8	1000	20	163960000
614051	-0.5	8	1000	20	174470000
235241	-0.5	8	1000	20	182300000
420811	-0.5	8	1000	20	151340000
163147	-0.5	8	1000	20	160560000
282571	-0.5	8	1000	20	162600000
998813	-0.5	8	1000	20	168030000
140827	-0.5	8	1000	20	157290000
916337	-0.5	8	1000	20	155870000
386363	-0.5	8	1000	20	159250000
695117	-0.5	8	1000	20	149330000
176357	-0.5	8	1000	20	169120000
333673	-0.5	8	1000	20	145560000
305369	-0.5	8	800	5	164830000
908797	-0.5	8	800	5	146300000
266129	-0.5	8	800	5	140730000
314693	-0.5	8	800	5	169390000
801569	-0.5	8	800	5	148660000
934229	-0.5	8	800	5	158470000
997609	-0.5	8	800	5	158290000
941207	-0.5	8	800	5	163810000
614051	-0.5	8	800	5	165820000
235241	-0.5	8	800	5	171590000
420811	-0.5	8	800	5	148720000
163147	-0.5	8	800	5	139850000
282571	-0.5	8	800	5	149040000
998813	-0.5	8	800	5	162150000
140827	-0.5	8	800	5	155330000
916337	-0.5	8	800	5	148710000
386363	-0.5	8	800	5	153050000
695117	-0.5	8	800	5	143630000
176357	-0.5	8	800	5	169450000
333673	-0.5	8	800	5	152990000
305369	-0.5	8	800	20	168950000
908797	-0.5	8	800	20	169910000
266129	-0.5	8	800	20	152140000
314693	-0.5	8	800	20	173760000
801569	-0.5	8	800	20	152730000
934229	-0.5	8	800	20	159060000
997609	-0.5	8	800	20	158050000
941207	-0.5	8	800	20	168740000
614051	-0.5	8	800	20	175350000
235241	-0.5	8	800	20	178630000
420811	-0.5	8	800	20	150820000
163147	-0.5	8	800	20	158760000
282571	-0.5	8	800	20	162800000
998813	-0.5	8	800	20	165780000
140827	-0.5	8	800	20	172820000
916337	-0.5	8	800	20	149250000
386363	-0.5	8	800	20	159060000
695117	-0.5	8	800	20	149020000
176357	-0.5	8	800	20	168530000
333673	-0.5	8	800	20	146650000
305369	-0.5	8	600	5	165130000
908797	-0.5	8	600	5	147870000
266129	-0.5	8	600	5	143210000
314693	-0.5	8	600	5	169340000
801569	-0.5	8	600	5	150080000
934229	-0.5	8	600	5	158210000
997609	-0.5	8	600	5	158090000
941207	-0.5	8	600	5	164600000
614051	-0.5	8	600	5	162160000
235241	-0.5	8	600	5	172290000
420811	-0.5	8	600	5	149540000
163147	-0.5	8	600	5	139680000
282571	-0.5	8	600	5	149870000
998813	-0.5	8	600	5	162790000
140827	-0.5	8	600	5	160480000
916337	-0.5	8	600	5	150200000
386363	-0.5	8	600	5	155870000
695117	-0.5	8	600	5	146670000
176357	-0.5	8	600	5	170510000
333673	-0.5	8	600	5	156520000
305369	-0.5	8	600	20	169450000
908797	-0.5	8	600	20	176210000
266129	-0.5	8	600	20	154870000
314693	-0.5	8	600	20	173760000
801569	-0.5	8	600	20	154980000
934229	-0.5	8	600	20	153070000
997609	-0.5	8	600	20	160940000
941207	-0.5	8	600	20	171100000
614051	-0.5	8	600	20	166880000
235241	-0.5	8	600	20	178550000
420811	-0.5	8	600	20	150620000
163147	-0.5	8	600	20	158680000
282571	-0.5	8	600	20	165680000
998813	-0.5	8	600	20	164900000
140827	-0.5	8	600	20	172880000
916337	-0.5	8	600	20	150180000
386363	-0.5	8	600	20	161010000
695117	-0.5	8	600	20	150740000
176357	-0.5	8	600	20	169250000
333673	-0.5	8	600	20	148500000
305369	-0.5	8	400	5	166600000
908797	-0.5	8	400	5	151720000
266129	-0.5	8	400	5	140330000
314693	-0.5	8	400	5	166260000
801569	-0.5	8	400	5	150030000
934229	-0.5	8	400	5	159560000
997609	-0.5	8	400	5	158270000
941207	-0.5	8	400	5	168420000
614051	-0.5	8	400	5	161980000
235241	-0.5	8	400	5	167530000
420811	-0.5	8	400	5	149360000
163147	-0.5	8	400	5	143260000
282571	-0.5	8	400	5	149520000
998813	-0.5	8	400	5	157920000
140827	-0.5	8	400	5	161340000
916337	-0.5	8	400	5	149720000
386363	-0.5	8	400	5	150140000
695117	-0.5	8	400	5	144580000
176357	-0.5	8	400	5	169970000
333673	-0.5	8	400	5	160760000
305369	-0.5	8	400	20	171570000
908797	-0.5	8	400	20	176270000
266129	-0.5	8	400	20	152950000
314693	-0.5	8	400	20	172180000
801569	-0.5	8	400	20	153080000
934229	-0.5	8	400	20	154460000
997609	-0.5	8	400	20	157590000
941207	-0.5	8	400	20	170230000
614051	-0.5	8	400	20	162310000
235241	-0.5	8	400	20	178070000
420811	-0.5	8	400	20	154530000
163147	-0.5	8	400	20	157810000
282571	-0.5	8	400	20	165770000
998813	-0.5	8	400	20	159400000
140827	-0.5	8	400	20	176650000
916337	-0.5	8	400	20	150100000
386363	-0.5	8	400	20	156340000
695117	-0.5	8	400	20	151420000
176357	-0.5	8	400	20	167920000
333673	-0.5	8	400	20	149840000
305369	-0.5	8	200	5	168400000
908797	-0.5	8	200	5	152520000
266129	-0.5	8	200	5	139440000
314693	-0.5	8	200	5	166310000
801569	-0.5	8	200	5	147930000
934229	-0.5	8	200	5	154220000
997609	-0.5	8	200	5	1.57e+08
941207	-0.5	8	200	5	168240000
614051	-0.5	8	200	5	162030000
235241	-0.5	8	200	5	162220000
420811	-0.5	8	200	5	147060000
163147	-0.5	8	200	5	141330000
282571	-0.5	8	200	5	147780000
998813	-0.5	8	200	5	158020000
140827	-0.5	8	200	5	161570000
916337	-0.5	8	200	5	143990000
386363	-0.5	8	200	5	146230000
695117	-0.5	8	200	5	139640000
176357	-0.5	8	200	5	167690000
333673	-0.5	8	200	5	159200000
305369	-0.5	8	200	20	161060000
908797	-0.5	8	200	20	176960000
266129	-0.5	8	200	20	153770000
314693	-0.5	8	200	20	164780000
801569	-0.5	8	200	20	148960000
934229	-0.5	8	200	20	151750000
997609	-0.5	8	200	20	1.56e+08
941207	-0.5	8	200	20	168300000
614051	-0.5	8	200	20	162480000
235241	-0.5	8	200	20	171490000
420811	-0.5	8	200	20	149810000
163147	-0.5	8	200	20	153300000
282571	-0.5	8	200	20	164020000
998813	-0.5	8	200	20	160220000
140827	-0.5	8	200	20	175590000
916337	-0.5	8	200	20	146310000
386363	-0.5	8	200	20	143480000
695117	-0.5	8	200	20	146630000
176357	-0.5	8	200	20	167680000
333673	-0.5	8	200	20	142790000
305369	-0.5	8	100	5	167120000
908797	-0.5	8	100	5	149070000
266129	-0.5	8	100	5	137510000
314693	-0.5	8	100	5	161360000
801569	-0.5	8	100	5	144550000
934229	-0.5	8	100	5	152620000
997609	-0.5	8	100	5	155230000
941207	-0.5	8	100	5	166090000
614051	-0.5	8	100	5	160800000
235241	-0.5	8	100	5	162400000
420811	-0.5	8	100	5	140700000
163147	-0.5	8	100	5	132770000
282571	-0.5	8	100	5	146010000
998813	-0.5	8	100	5	157050000
140827	-0.5	8	100	5	156790000
916337	-0.5	8	100	5	142430000
386363	-0.5	8	100	5	147180000
695117	-0.5	8	100	5	140290000
176357	-0.5	8	100	5	166830000
333673	-0.5	8	100	5	1.6e+08
305369	-0.5	8	100	20	159730000
908797	-0.5	8	100	20	169630000
266129	-0.5	8	100	20	144390000
314693	-0.5	8	100	20	160960000
801569	-0.5	8	100	20	149200000
934229	-0.5	8	100	20	149410000
997609	-0.5	8	100	20	152660000
941207	-0.5	8	100	20	163140000
614051	-0.5	8	100	20	159480000
235241	-0.5	8	100	20	169500000
420811	-0.5	8	100	20	144690000
163147	-0.5	8	100	20	150980000
282571	-0.5	8	100	20	161580000
998813	-0.5	8	100	20	158850000
140827	-0.5	8	100	20	167910000
916337	-0.5	8	100	20	144550000
386363	-0.5	8	100	20	145790000
695117	-0.5	8	100	20	143330000
176357	-0.5	8	100	20	165170000
333673	-0.5	8	100	20	143150000
305369	-0.5	8	50	5	166400000
908797	-0.5	8	50	5	146990000
266129	-0.5	8	50	5	138600000
314693	-0.5	8	50	5	162600000
801569	-0.5	8	50	5	144090000
934229	-0.5	8	50	5	150220000
997609	-0.5	8	50	5	154610000
941207	-0.5	8	50	5	166110000
614051	-0.5	8	50	5	158390000
235241	-0.5	8	50	5	160760000
420811	-0.5	8	50	5	140900000
163147	-0.5	8	50	5	132710000
282571	-0.5	8	50	5	144490000
998813	-0.5	8	50	5	153910000
140827	-0.5	8	50	5	154480000
916337	-0.5	8	50	5	137830000
386363	-0.5	8	50	5	146740000
695117	-0.5	8	50	5	140120000
176357	-0.5	8	50	5	164390000
333673	-0.5	8	50	5	156430000
305369	-0.5	8	50	20	157510000
908797	-0.5	8	50	20	169260000
266129	-0.5	8	50	20	145320000
314693	-0.5	8	50	20	157720000
801569	-0.5	8	50	20	144850000
934229	-0.5	8	50	20	145770000
997609	-0.5	8	50	20	147330000
941207	-0.5	8	50	20	164170000
614051	-0.5	8	50	20	160500000
235241	-0.5	8	50	20	168760000
420811	-0.5	8	50	20	142640000
163147	-0.5	8	50	20	144950000
282571	-0.5	8	50	20	160140000
998813	-0.5	8	50	20	155230000
140827	-0.5	8	50	20	164160000
916337	-0.5	8	50	20	143740000
386363	-0.5	8	50	20	139720000
695117	-0.5	8	50	20	145760000
176357	-0.5	8	50	20	164680000
333673	-0.5	8	50	20	140490000
305369	-0.5	8	20	5	163320000
908797	-0.5	8	20	5	144570000
266129	-0.5	8	20	5	138690000
314693	-0.5	8	20	5	161150000
801569	-0.5	8	20	5	140660000
934229	-0.5	8	20	5	146190000
997609	-0.5	8	20	5	153890000
941207	-0.5	8	20	5	165700000
614051	-0.5	8	20	5	155140000
235241	-0.5	8	20	5	158410000
420811	-0.5	8	20	5	141120000
163147	-0.5	8	20	5	128810000
282571	-0.5	8	20	5	143730000
998813	-0.5	8	20	5	151440000
140827	-0.5	8	20	5	153810000
916337	-0.5	8	20	5	137460000
386363	-0.5	8	20	5	147250000
695117	-0.5	8	20	5	140330000
176357	-0.5	8	20	5	161170000
333673	-0.5	8	20	5	154890000
305369	-0.5	8	20	20	156140000
908797	-0.5	8	20	20	168650000
266129	-0.5	8	20	20	145460000
314693	-0.5	8	20	20	156950000
801569	-0.5	8	20	20	144770000
934229	-0.5	8	20	20	144500000
997609	-0.5	8	20	20	148950000
941207	-0.5	8	20	20	164200000
614051	-0.5	8	20	20	161570000
235241	-0.5	8	20	20	167120000
420811	-0.5	8	20	20	139830000
163147	-0.5	8	20	20	143210000
282571	-0.5	8	20	20	160290000
998813	-0.5	8	20	20	155840000
140827	-0.5	8	20	20	162440000
916337	-0.5	8	20	20	143640000
386363	-0.5	8	20	20	139900000
695117	-0.5	8	20	20	144760000
176357	-0.5	8	20	20	162870000
333673	-0.5	8	20	20	140590000
305369	-0.5	8	10	5	162610000
908797	-0.5	8	10	5	144060000
266129	-0.5	8	10	5	138140000
314693	-0.5	8	10	5	158700000
801569	-0.5	8	10	5	133640000
934229	-0.5	8	10	5	145690000
997609	-0.5	8	10	5	150920000
941207	-0.5	8	10	5	165890000
614051	-0.5	8	10	5	154450000
235241	-0.5	8	10	5	157950000
420811	-0.5	8	10	5	140560000
163147	-0.5	8	10	5	128180000
282571	-0.5	8	10	5	141580000
998813	-0.5	8	10	5	148320000
140827	-0.5	8	10	5	148540000
916337	-0.5	8	10	5	137860000
386363	-0.5	8	10	5	143050000
695117	-0.5	8	10	5	137950000
176357	-0.5	8	10	5	159580000
333673	-0.5	8	10	5	155040000
305369	-0.5	8	10	20	156140000
908797	-0.5	8	10	20	168650000
266129	-0.5	8	10	20	145460000
314693	-0.5	8	10	20	156950000
801569	-0.5	8	10	20	144770000
934229	-0.5	8	10	20	144500000
997609	-0.5	8	10	20	148950000
941207	-0.5	8	10	20	164200000
614051	-0.5	8	10	20	161570000
235241	-0.5	8	10	20	167120000
420811	-0.5	8	10	20	139830000
163147	-0.5	8	10	20	143210000
282571	-0.5	8	10	20	160290000
998813	-0.5	8	10	20	155840000
140827	-0.5	8	10	20	162440000
916337	-0.5	8	10	20	143640000
386363	-0.5	8	10	20	139900000
695117	-0.5	8	10	20	144760000
176357	-0.5	8	10	20	162870000
333673	-0.5	8	10	20	140590000
305369	-0.5	10	1000	5	165510000
908797	-0.5	10	1000	5	168030000
266129	-0.5	10	1000	5	145650000
314693	-0.5	10	1000	5	166130000
801569	-0.5	10	1000	5	1.54e+08
934229	-0.5	10	1000	5	157440000
997609	-0.5	10	1000	5	169510000
941207	-0.5	10	1000	5	149140000
614051	-0.5	10	1000	5	165480000
235241	-0.5	10	1000	5	183110000
420811	-0.5	10	1000	5	151710000
163147	-0.5	10	1000	5	153710000
282571	-0.5	10	1000	5	154840000
998813	-0.5	10	1000	5	163570000
140827	-0.5	10	1000	5	152990000
916337	-0.5	10	1000	5	144830000
386363	-0.5	10	1000	5	155960000
695117	-0.5	10	1000	5	140890000
176357	-0.5	10	1000	5	181350000
333673	-0.5	10	1000	5	154730000
305369	-0.5	10	1000	20	173590000
908797	-0.5	10	1000	20	178610000
266129	-0.5	10	1000	20	155110000
314693	-0.5	10	1000	20	170540000
801569	-0.5	10	1000	20	150130000
934229	-0.5	10	1000	20	159880000
997609	-0.5	10	1000	20	166530000
941207	-0.5	10	1000	20	148620000
614051	-0.5	10	1000	20	166270000
235241	-0.5	10	1000	20	173250000
420811	-0.5	10	1000	20	146680000
163147	-0.5	10	1000	20	155720000
282571	-0.5	10	1000	20	154380000
998813	-0.5	10	1000	20	164060000
140827	-0.5	10	1000	20	151640000
916337	-0.5	10	1000	20	150070000
386363	-0.5	10	1000	20	155100000
695117	-0.5	10	1000	20	139270000
176357	-0.5	10	1000	20	162820000
333673	-0.5	10	1000	20	149440000
305369	-0.5	10	800	5	165520000
908797	-0.5	10	800	5	162540000
266129	-0.5	10	800	5	142900000
314693	-0.5	10	800	5	167890000
801569	-0.5	10	800	5	146690000
934229	-0.5	10	800	5	158570000
997609	-0.5	10	800	5	166910000
941207	-0.5	10	800	5	1.49e+08
614051	-0.5	10	800	5	166590000
235241	-0.5	10	800	5	179830000
420811	-0.5	10	800	5	150860000
163147	-0.5	10	800	5	152310000
282571	-0.5	10	800	5	154710000
998813	-0.5	10	800	5	162690000
140827	-0.5	10	800	5	158850000
916337	-0.5	10	800	5	146620000
386363	-0.5	10	800	5	158080000
695117	-0.5	10	800	5	140720000
176357	-0.5	10	800	5	180830000
333673	-0.5	10	800	5	155560000
305369	-0.5	10	800	20	164040000
908797	-0.5	10	800	20	167280000
266129	-0.5	10	800	20	149880000
314693	-0.5	10	800	20	164900000
801569	-0.5	10	800	20	151900000
934229	-0.5	10	800	20	160820000
997609	-0.5	10	800	20	163930000
941207	-0.5	10	800	20	153400000
614051	-0.5	10	800	20	166890000
235241	-0.5	10	800	20	169290000
420811	-0.5	10	800	20	147580000
163147	-0.5	10	800	20	153560000
282571	-0.5	10	800	20	154580000
998813	-0.5	10	800	20	160410000
140827	-0.5	10	800	20	168520000
916337	-0.5	10	800	20	146250000
386363	-0.5	10	800	20	154800000
695117	-0.5	10	800	20	138660000
176357	-0.5	10	800	20	157970000
333673	-0.5	10	800	20	151230000
305369	-0.5	10	600	5	166270000
908797	-0.5	10	600	5	163760000
266129	-0.5	10	600	5	145920000
314693	-0.5	10	600	5	168070000
801569	-0.5	10	600	5	147600000
934229	-0.5	10	600	5	150860000
997609	-0.5	10	600	5	166640000
941207	-0.5	10	600	5	149600000
614051	-0.5	10	600	5	163170000
235241	-0.5	10	600	5	180490000
420811	-0.5	10	600	5	151600000
163147	-0.5	10	600	5	152050000
282571	-0.5	10	600	5	155790000
998813	-0.5	10	600	5	158850000
140827	-0.5	10	600	5	164520000
916337	-0.5	10	600	5	147760000
386363	-0.5	10	600	5	160690000
695117	-0.5	10	600	5	143660000
176357	-0.5	10	600	5	180800000
333673	-0.5	10	600	5	158830000
305369	-0.5	10	600	20	165320000
908797	-0.5	10	600	20	175830000
266129	-0.5	10	600	20	150070000
314693	-0.5	10	600	20	156750000
801569	-0.5	10	600	20	154430000
934229	-0.5	10	600	20	157610000
997609	-0.5	10	600	20	166510000
941207	-0.5	10	600	20	155760000
614051	-0.5	10	600	20	159710000
235241	-0.5	10	600	20	169210000
420811	-0.5	10	600	20	147280000
163147	-0.5	10	600	20	152210000
282571	-0.5	10	600	20	154520000
998813	-0.5	10	600	20	162810000
140827	-0.5	10	600	20	168290000
916337	-0.5	10	600	20	144180000
386363	-0.5	10	600	20	157710000
695117	-0.5	10	600	20	1.4e+08
176357	-0.5	10	600	20	152050000
333673	-0.5	10	600	20	152430000
305369	-0.5	10	400	5	167670000
908797	-0.5	10	400	5	168190000
266129	-0.5	10	400	5	142960000
314693	-0.5	10	400	5	167860000
801569	-0.5	10	400	5	147410000
934229	-0.5	10	400	5	153760000
997609	-0.5	10	400	5	162040000
941207	-0.5	10	400	5	154110000
614051	-0.5	10	400	5	162800000
235241	-0.5	10	400	5	174580000
420811	-0.5	10	400	5	150300000
163147	-0.5	10	400	5	156770000
282571	-0.5	10	400	5	154830000
998813	-0.5	10	400	5	150620000
140827	-0.5	10	400	5	166150000
916337	-0.5	10	400	5	148220000
386363	-0.5	10	400	5	156740000
695117	-0.5	10	400	5	142730000
176357	-0.5	10	400	5	181360000
333673	-0.5	10	400	5	164130000
305369	-0.5	10	400	20	168400000
908797	-0.5	10	400	20	175500000
266129	-0.5	10	400	20	151540000
314693	-0.5	10	400	20	160010000
801569	-0.5	10	400	20	152470000
934229	-0.5	10	400	20	162440000
997609	-0.5	10	400	20	160340000
941207	-0.5	10	400	20	154840000
614051	-0.5	10	400	20	153050000
235241	-0.5	10	400	20	167110000
420811	-0.5	10	400	20	150730000
163147	-0.5	10	400	20	151630000
282571	-0.5	10	400	20	157610000
998813	-0.5	10	400	20	155770000
140827	-0.5	10	400	20	173120000
916337	-0.5	10	400	20	145270000
386363	-0.5	10	400	20	148730000
695117	-0.5	10	400	20	142380000
176357	-0.5	10	400	20	150490000
333673	-0.5	10	400	20	153060000
305369	-0.5	10	200	5	169350000
908797	-0.5	10	200	5	169090000
266129	-0.5	10	200	5	142110000
314693	-0.5	10	200	5	162480000
801569	-0.5	10	200	5	144630000
934229	-0.5	10	200	5	146360000
997609	-0.5	10	200	5	161080000
941207	-0.5	10	200	5	152580000
614051	-0.5	10	200	5	161940000
235241	-0.5	10	200	5	170140000
420811	-0.5	10	200	5	143320000
163147	-0.5	10	200	5	155250000
282571	-0.5	10	200	5	152970000
998813	-0.5	10	200	5	149430000
140827	-0.5	10	200	5	166380000
916337	-0.5	10	200	5	141180000
386363	-0.5	10	200	5	153180000
695117	-0.5	10	200	5	138020000
176357	-0.5	10	200	5	179570000
333673	-0.5	10	200	5	156210000
305369	-0.5	10	200	20	157540000
908797	-0.5	10	200	20	174870000
266129	-0.5	10	200	20	154940000
314693	-0.5	10	200	20	152650000
801569	-0.5	10	200	20	148520000
934229	-0.5	10	200	20	157890000
997609	-0.5	10	200	20	154080000
941207	-0.5	10	200	20	152220000
614051	-0.5	10	200	20	153270000
235241	-0.5	10	200	20	1.53e+08
420811	-0.5	10	200	20	143490000
163147	-0.5	10	200	20	147730000
282571	-0.5	10	200	20	153180000
998813	-0.5	10	200	20	158770000
140827	-0.5	10	200	20	170580000
916337	-0.5	10	200	20	141710000
386363	-0.5	10	200	20	131210000
695117	-0.5	10	200	20	138100000
176357	-0.5	10	200	20	151110000
333673	-0.5	10	200	20	146950000
305369	-0.5	10	100	5	159860000
908797	-0.5	10	100	5	158460000
266129	-0.5	10	100	5	134090000
314693	-0.5	10	100	5	157020000
801569	-0.5	10	100	5	137110000
934229	-0.5	10	100	5	143620000
997609	-0.5	10	100	5	158360000
941207	-0.5	10	100	5	147190000
614051	-0.5	10	100	5	159160000
235241	-0.5	10	100	5	166530000
420811	-0.5	10	100	5	1.36e+08
163147	-0.5	10	100	5	146530000
282571	-0.5	10	100	5	147370000
998813	-0.5	10	100	5	145230000
140827	-0.5	10	100	5	163870000
916337	-0.5	10	100	5	139490000
386363	-0.5	10	100	5	147370000
695117	-0.5	10	100	5	136380000
176357	-0.5	10	100	5	171350000
333673	-0.5	10	100	5	156920000
305369	-0.5	10	100	20	153020000
908797	-0.5	10	100	20	161630000
266129	-0.5	10	100	20	146190000
314693	-0.5	10	100	20	146240000
801569	-0.5	10	100	20	143600000
934229	-0.5	10	100	20	147830000
997609	-0.5	10	100	20	144950000
941207	-0.5	10	100	20	146010000
614051	-0.5	10	100	20	142370000
235241	-0.5	10	100	20	151180000
420811	-0.5	10	100	20	133320000
163147	-0.5	10	100	20	146210000
282571	-0.5	10	100	20	148230000
998813	-0.5	10	100	20	149540000
140827	-0.5	10	100	20	165030000
916337	-0.5	10	100	20	132280000
386363	-0.5	10	100	20	129770000
695117	-0.5	10	100	20	136690000
176357	-0.5	10	100	20	145370000
333673	-0.5	10	100	20	143150000
305369	-0.5	10	50	5	158460000
908797	-0.5	10	50	5	155360000
266129	-0.5	10	50	5	131690000
314693	-0.5	10	50	5	154490000
801569	-0.5	10	50	5	133800000
934229	-0.5	10	50	5	135780000
997609	-0.5	10	50	5	153670000
941207	-0.5	10	50	5	142570000
614051	-0.5	10	50	5	157630000
235241	-0.5	10	50	5	164160000
420811	-0.5	10	50	5	136430000
163147	-0.5	10	50	5	146710000
282571	-0.5	10	50	5	139980000
998813	-0.5	10	50	5	140660000
140827	-0.5	10	50	5	157230000
916337	-0.5	10	50	5	135110000
386363	-0.5	10	50	5	143150000
695117	-0.5	10	50	5	132150000
176357	-0.5	10	50	5	168410000
333673	-0.5	10	50	5	150050000
305369	-0.5	10	50	20	148990000
908797	-0.5	10	50	20	159520000
266129	-0.5	10	50	20	146420000
314693	-0.5	10	50	20	142670000
801569	-0.5	10	50	20	134370000
934229	-0.5	10	50	20	142580000
997609	-0.5	10	50	20	140750000
941207	-0.5	10	50	20	146260000
614051	-0.5	10	50	20	139260000
235241	-0.5	10	50	20	147100000
420811	-0.5	10	50	20	130630000
163147	-0.5	10	50	20	141640000
282571	-0.5	10	50	20	146120000
998813	-0.5	10	50	20	144410000
140827	-0.5	10	50	20	159070000
916337	-0.5	10	50	20	126460000
386363	-0.5	10	50	20	126840000
695117	-0.5	10	50	20	135730000
176357	-0.5	10	50	20	136190000
333673	-0.5	10	50	20	135100000
305369	-0.5	10	20	5	152090000
908797	-0.5	10	20	5	152420000
266129	-0.5	10	20	5	125140000
314693	-0.5	10	20	5	150810000
801569	-0.5	10	20	5	126440000
934229	-0.5	10	20	5	125160000
997609	-0.5	10	20	5	150860000
941207	-0.5	10	20	5	140650000
614051	-0.5	10	20	5	146810000
235241	-0.5	10	20	5	149920000
420811	-0.5	10	20	5	133300000
163147	-0.5	10	20	5	138900000
282571	-0.5	10	20	5	138850000
998813	-0.5	10	20	5	135580000
140827	-0.5	10	20	5	150010000
916337	-0.5	10	20	5	134920000
386363	-0.5	10	20	5	142590000
695117	-0.5	10	20	5	125640000
176357	-0.5	10	20	5	157210000
333673	-0.5	10	20	5	143810000
305369	-0.5	10	20	20	147880000
908797	-0.5	10	20	20	158310000
266129	-0.5	10	20	20	144960000
314693	-0.5	10	20	20	141700000
801569	-0.5	10	20	20	134930000
934229	-0.5	10	20	20	139910000
997609	-0.5	10	20	20	143300000
941207	-0.5	10	20	20	146270000
614051	-0.5	10	20	20	140620000
235241	-0.5	10	20	20	139960000
420811	-0.5	10	20	20	127650000
163147	-0.5	10	20	20	136870000
282571	-0.5	10	20	20	143700000
998813	-0.5	10	20	20	145200000
140827	-0.5	10	20	20	155830000
916337	-0.5	10	20	20	126570000
386363	-0.5	10	20	20	129350000
695117	-0.5	10	20	20	132350000
176357	-0.5	10	20	20	134210000
333673	-0.5	10	20	20	134360000
305369	-0.5	10	10	5	147890000
908797	-0.5	10	10	5	150380000
266129	-0.5	10	10	5	124960000
314693	-0.5	10	10	5	143430000
801569	-0.5	10	10	5	115950000
934229	-0.5	10	10	5	123250000
997609	-0.5	10	10	5	147140000
941207	-0.5	10	10	5	135660000
614051	-0.5	10	10	5	141950000
235241	-0.5	10	10	5	145180000
420811	-0.5	10	10	5	126960000
163147	-0.5	10	10	5	136820000
282571	-0.5	10	10	5	135230000
998813	-0.5	10	10	5	130010000
140827	-0.5	10	10	5	137750000
916337	-0.5	10	10	5	132130000
386363	-0.5	10	10	5	133280000
695117	-0.5	10	10	5	121730000
176357	-0.5	10	10	5	151500000
333673	-0.5	10	10	5	141860000
305369	-0.5	10	10	20	147880000
908797	-0.5	10	10	20	158310000
266129	-0.5	10	10	20	144960000
314693	-0.5	10	10	20	141700000
801569	-0.5	10	10	20	134930000
934229	-0.5	10	10	20	139910000
997609	-0.5	10	10	20	143300000
941207	-0.5	10	10	20	146270000
614051	-0.5	10	10	20	140620000
235241	-0.5	10	10	20	139960000
420811	-0.5	10	10	20	127650000
163147	-0.5	10	10	20	136870000
282571	-0.5	10	10	20	143700000
998813	-0.5	10	10	20	145200000
140827	-0.5	10	10	20	155830000
916337	-0.5	10	10	20	126570000
386363	-0.5	10	10	20	129350000
695117	-0.5	10	10	20	132350000
176357	-0.5	10	10	20	134210000
333673	-0.5	10	10	20	134360000
305369	-0.5	12	1000	5	163470000
908797	-0.5	12	1000	5	165940000
266129	-0.5	12	1000	5	157460000
314693	-0.5	12	1000	5	166920000
801569	-0.5	12	1000	5	153570000
934229	-0.5	12	1000	5	156930000
997609	-0.5	12	1000	5	161780000
941207	-0.5	12	1000	5	148290000
614051	-0.5	12	1000	5	164810000
235241	-0.5	12	1000	5	178910000
420811	-0.5	12	1000	5	156710000
163147	-0.5	12	1000	5	150520000
282571	-0.5	12	1000	5	155250000
998813	-0.5	12	1000	5	179750000
140827	-0.5	12	1000	5	148890000
916337	-0.5	12	1000	5	144370000
386363	-0.5	12	1000	5	163880000
695117	-0.5	12	1000	5	140690000
176357	-0.5	12	1000	5	178770000
333673	-0.5	12	1000	5	155520000
305369	-0.5	12	1000	20	172840000
908797	-0.5	12	1000	20	170810000
266129	-0.5	12	1000	20	155520000
314693	-0.5	12	1000	20	170740000
801569	-0.5	12	1000	20	150530000
934229	-0.5	12	1000	20	158950000
997609	-0.5	12	1000	20	166250000
941207	-0.5	12	1000	20	158510000
614051	-0.5	12	1000	20	170450000
235241	-0.5	12	1000	20	174140000
420811	-0.5	12	1000	20	148830000
163147	-0.5	12	1000	20	157940000
282571	-0.5	12	1000	20	148810000
998813	-0.5	12	1000	20	163460000
140827	-0.5	12	1000	20	151270000
916337	-0.5	12	1000	20	153070000
386363	-0.5	12	1000	20	154700000
695117	-0.5	12	1000	20	140740000
176357	-0.5	12	1000	20	162340000
333673	-0.5	12	1000	20	146800000
305369	-0.5	12	800	5	154270000
908797	-0.5	12	800	5	163150000
266129	-0.5	12	800	5	154710000
314693	-0.5	12	800	5	165340000
801569	-0.5	12	800	5	146180000
934229	-0.5	12	800	5	1.58e+08
997609	-0.5	12	800	5	159180000
941207	-0.5	12	800	5	148150000
614051	-0.5	12	800	5	165890000
235241	-0.5	12	800	5	175590000
420811	-0.5	12	800	5	155860000
163147	-0.5	12	800	5	149120000
282571	-0.5	12	800	5	152250000
998813	-0.5	12	800	5	178590000
140827	-0.5	12	800	5	154070000
916337	-0.5	12	800	5	146080000
386363	-0.5	12	800	5	166850000
695117	-0.5	12	800	5	140520000
176357	-0.5	12	800	5	178370000
333673	-0.5	12	800	5	156420000
305369	-0.5	12	800	20	163190000
908797	-0.5	12	800	20	159940000
266129	-0.5	12	800	20	149790000
314693	-0.5	12	800	20	164990000
801569	-0.5	12	800	20	152920000
934229	-0.5	12	800	20	159890000
997609	-0.5	12	800	20	163450000
941207	-0.5	12	800	20	164730000
614051	-0.5	12	800	20	170390000
235241	-0.5	12	800	20	169850000
420811	-0.5	12	800	20	149400000
163147	-0.5	12	800	20	155780000
282571	-0.5	12	800	20	148970000
998813	-0.5	12	800	20	149250000
140827	-0.5	12	800	20	169220000
916337	-0.5	12	800	20	149250000
386363	-0.5	12	800	20	153300000
695117	-0.5	12	800	20	139790000
176357	-0.5	12	800	20	157490000
333673	-0.5	12	800	20	154740000
305369	-0.5	12	600	5	156170000
908797	-0.5	12	600	5	164880000
266129	-0.5	12	600	5	157540000
314693	-0.5	12	600	5	166710000
801569	-0.5	12	600	5	148270000
934229	-0.5	12	600	5	151340000
997609	-0.5	12	600	5	160960000
941207	-0.5	12	600	5	148750000
614051	-0.5	12	600	5	162860000
235241	-0.5	12	600	5	175960000
420811	-0.5	12	600	5	152670000
163147	-0.5	12	600	5	147650000
282571	-0.5	12	600	5	153330000
998813	-0.5	12	600	5	178860000
140827	-0.5	12	600	5	148350000
916337	-0.5	12	600	5	148160000
386363	-0.5	12	600	5	169360000
695117	-0.5	12	600	5	143460000
176357	-0.5	12	600	5	178110000
333673	-0.5	12	600	5	159670000
305369	-0.5	12	600	20	164470000
908797	-0.5	12	600	20	169120000
266129	-0.5	12	600	20	149200000
314693	-0.5	12	600	20	158380000
801569	-0.5	12	600	20	156750000
934229	-0.5	12	600	20	156680000
997609	-0.5	12	600	20	169460000
941207	-0.5	12	600	20	157300000
614051	-0.5	12	600	20	163210000
235241	-0.5	12	600	20	167560000
420811	-0.5	12	600	20	148890000
163147	-0.5	12	600	20	155220000
282571	-0.5	12	600	20	150440000
998813	-0.5	12	600	20	158640000
140827	-0.5	12	600	20	167040000
916337	-0.5	12	600	20	146890000
386363	-0.5	12	600	20	155970000
695117	-0.5	12	600	20	140050000
176357	-0.5	12	600	20	159930000
333673	-0.5	12	600	20	152500000
305369	-0.5	12	400	5	160410000
908797	-0.5	12	400	5	169380000
266129	-0.5	12	400	5	154180000
314693	-0.5	12	400	5	1.65e+08
801569	-0.5	12	400	5	151580000
934229	-0.5	12	400	5	154110000
997609	-0.5	12	400	5	157040000
941207	-0.5	12	400	5	152980000
614051	-0.5	12	400	5	157680000
235241	-0.5	12	400	5	172180000
420811	-0.5	12	400	5	152820000
163147	-0.5	12	400	5	149620000
282571	-0.5	12	400	5	153660000
998813	-0.5	12	400	5	170310000
140827	-0.5	12	400	5	149980000
916337	-0.5	12	400	5	146720000
386363	-0.5	12	400	5	164690000
695117	-0.5	12	400	5	142810000
176357	-0.5	12	400	5	178090000
333673	-0.5	12	400	5	164820000
305369	-0.5	12	400	20	167320000
908797	-0.5	12	400	20	170390000
266129	-0.5	12	400	20	148110000
314693	-0.5	12	400	20	166260000
801569	-0.5	12	400	20	155090000
934229	-0.5	12	400	20	161370000
997609	-0.5	12	400	20	158780000
941207	-0.5	12	400	20	156450000
614051	-0.5	12	400	20	159030000
235241	-0.5	12	400	20	165260000
420811	-0.5	12	400	20	152340000
163147	-0.5	12	400	20	153570000
282571	-0.5	12	400	20	151760000
998813	-0.5	12	400	20	155530000
140827	-0.5	12	400	20	164680000
916337	-0.5	12	400	20	147860000
386363	-0.5	12	400	20	144730000
695117	-0.5	12	400	20	139140000
176357	-0.5	12	400	20	157990000
333673	-0.5	12	400	20	153370000
305369	-0.5	12	200	5	164370000
908797	-0.5	12	200	5	170280000
266129	-0.5	12	200	5	153060000
314693	-0.5	12	200	5	154990000
801569	-0.5	12	200	5	148170000
934229	-0.5	12	200	5	145920000
997609	-0.5	12	200	5	153460000
941207	-0.5	12	200	5	148410000
614051	-0.5	12	200	5	159040000
235241	-0.5	12	200	5	159390000
420811	-0.5	12	200	5	146210000
163147	-0.5	12	200	5	139690000
282571	-0.5	12	200	5	151420000
998813	-0.5	12	200	5	169120000
140827	-0.5	12	200	5	150200000
916337	-0.5	12	200	5	138810000
386363	-0.5	12	200	5	156440000
695117	-0.5	12	200	5	135970000
176357	-0.5	12	200	5	174960000
333673	-0.5	12	200	5	157200000
305369	-0.5	12	200	20	156650000
908797	-0.5	12	200	20	163520000
266129	-0.5	12	200	20	148260000
314693	-0.5	12	200	20	154020000
801569	-0.5	12	200	20	146790000
934229	-0.5	12	200	20	152540000
997609	-0.5	12	200	20	151350000
941207	-0.5	12	200	20	155950000
614051	-0.5	12	200	20	158380000
235241	-0.5	12	200	20	150010000
420811	-0.5	12	200	20	143940000
163147	-0.5	12	200	20	146500000
282571	-0.5	12	200	20	141820000
998813	-0.5	12	200	20	156470000
140827	-0.5	12	200	20	152440000
916337	-0.5	12	200	20	144670000
386363	-0.5	12	200	20	126970000
695117	-0.5	12	200	20	137320000
176357	-0.5	12	200	20	159060000
333673	-0.5	12	200	20	147070000
305369	-0.5	12	100	5	152710000
908797	-0.5	12	100	5	157390000
266129	-0.5	12	100	5	143440000
314693	-0.5	12	100	5	150430000
801569	-0.5	12	100	5	141920000
934229	-0.5	12	100	5	142880000
997609	-0.5	12	100	5	143490000
941207	-0.5	12	100	5	144020000
614051	-0.5	12	100	5	150290000
235241	-0.5	12	100	5	154800000
420811	-0.5	12	100	5	131750000
163147	-0.5	12	100	5	129850000
282571	-0.5	12	100	5	145200000
998813	-0.5	12	100	5	162190000
140827	-0.5	12	100	5	147680000
916337	-0.5	12	100	5	128100000
386363	-0.5	12	100	5	148280000
695117	-0.5	12	100	5	129920000
176357	-0.5	12	100	5	169840000
333673	-0.5	12	100	5	156780000
305369	-0.5	12	100	20	152840000
908797	-0.5	12	100	20	143320000
266129	-0.5	12	100	20	131060000
314693	-0.5	12	100	20	147960000
801569	-0.5	12	100	20	141720000
934229	-0.5	12	100	20	141180000
997609	-0.5	12	100	20	143960000
941207	-0.5	12	100	20	149390000
614051	-0.5	12	100	20	145710000
235241	-0.5	12	100	20	149080000
420811	-0.5	12	100	20	132470000
163147	-0.5	12	100	20	146110000
282571	-0.5	12	100	20	137070000
998813	-0.5	12	100	20	144490000
140827	-0.5	12	100	20	149510000
916337	-0.5	12	100	20	133570000
386363	-0.5	12	100	20	121800000
695117	-0.5	12	100	20	134960000
176357	-0.5	12	100	20	155330000
333673	-0.5	12	100	20	147170000
305369	-0.5	12	50	5	149180000
908797	-0.5	12	50	5	150540000
266129	-0.5	12	50	5	139750000
314693	-0.5	12	50	5	146850000
801569	-0.5	12	50	5	134240000
934229	-0.5	12	50	5	131580000
997609	-0.5	12	50	5	133160000
941207	-0.5	12	50	5	134780000
614051	-0.5	12	50	5	144830000
235241	-0.5	12	50	5	152300000
420811	-0.5	12	50	5	131360000
163147	-0.5	12	50	5	125480000
282571	-0.5	12	50	5	131990000
998813	-0.5	12	50	5	156460000
140827	-0.5	12	50	5	133400000
916337	-0.5	12	50	5	121580000
386363	-0.5	12	50	5	144180000
695117	-0.5	12	50	5	124370000
176357	-0.5	12	50	5	166480000
333673	-0.5	12	50	5	140680000
305369	-0.5	12	50	20	142980000
908797	-0.5	12	50	20	144700000
266129	-0.5	12	50	20	128670000
314693	-0.5	12	50	20	146260000
801569	-0.5	12	50	20	128630000
934229	-0.5	12	50	20	135430000
997609	-0.5	12	50	20	134650000
941207	-0.5	12	50	20	147340000
614051	-0.5	12	50	20	140440000
235241	-0.5	12	50	20	141300000
420811	-0.5	12	50	20	130540000
163147	-0.5	12	50	20	133060000
282571	-0.5	12	50	20	132960000
998813	-0.5	12	50	20	141620000
140827	-0.5	12	50	20	143480000
916337	-0.5	12	50	20	125230000
386363	-0.5	12	50	20	120460000
695117	-0.5	12	50	20	135270000
176357	-0.5	12	50	20	142530000
333673	-0.5	12	50	20	133870000
305369	-0.5	12	20	5	132980000
908797	-0.5	12	20	5	134650000
266129	-0.5	12	20	5	127600000
314693	-0.5	12	20	5	132110000
801569	-0.5	12	20	5	121240000
934229	-0.5	12	20	5	115710000
997609	-0.5	12	20	5	128250000
941207	-0.5	12	20	5	131640000
614051	-0.5	12	20	5	126020000
235241	-0.5	12	20	5	135070000
420811	-0.5	12	20	5	1.21e+08
163147	-0.5	12	20	5	115500000
282571	-0.5	12	20	5	130300000
998813	-0.5	12	20	5	137760000
140827	-0.5	12	20	5	122620000
916337	-0.5	12	20	5	115800000
386363	-0.5	12	20	5	137960000
695117	-0.5	12	20	5	113490000
176357	-0.5	12	20	5	149970000
333673	-0.5	12	20	5	127130000
305369	-0.5	12	20	20	141780000
908797	-0.5	12	20	20	143810000
266129	-0.5	12	20	20	122980000
314693	-0.5	12	20	20	146060000
801569	-0.5	12	20	20	129250000
934229	-0.5	12	20	20	125760000
997609	-0.5	12	20	20	134730000
941207	-0.5	12	20	20	147250000
614051	-0.5	12	20	20	141950000
235241	-0.5	12	20	20	134710000
420811	-0.5	12	20	20	127900000
163147	-0.5	12	20	20	129300000
282571	-0.5	12	20	20	129780000
998813	-0.5	12	20	20	142500000
140827	-0.5	12	20	20	140200000
916337	-0.5	12	20	20	122050000
386363	-0.5	12	20	20	123840000
695117	-0.5	12	20	20	132200000
176357	-0.5	12	20	20	140300000
333673	-0.5	12	20	20	130820000
305369	-0.5	12	10	5	121230000
908797	-0.5	12	10	5	131240000
266129	-0.5	12	10	5	119640000
314693	-0.5	12	10	5	122370000
801569	-0.5	12	10	5	106470000
934229	-0.5	12	10	5	108950000
997609	-0.5	12	10	5	114960000
941207	-0.5	12	10	5	122590000
614051	-0.5	12	10	5	113970000
235241	-0.5	12	10	5	126130000
420811	-0.5	12	10	5	112660000
163147	-0.5	12	10	5	108350000
282571	-0.5	12	10	5	116430000
998813	-0.5	12	10	5	129090000
140827	-0.5	12	10	5	109910000
916337	-0.5	12	10	5	109880000
386363	-0.5	12	10	5	126360000
695117	-0.5	12	10	5	110090000
176357	-0.5	12	10	5	141250000
333673	-0.5	12	10	5	124720000
305369	-0.5	12	10	20	141780000
908797	-0.5	12	10	20	143810000
266129	-0.5	12	10	20	122980000
314693	-0.5	12	10	20	146060000
801569	-0.5	12	10	20	129250000
934229	-0.5	12	10	20	125760000
997609	-0.5	12	10	20	134730000
941207	-0.5	12	10	20	147250000
614051	-0.5	12	10	20	141950000
235241	-0.5	12	10	20	134710000
420811	-0.5	12	10	20	127900000
163147	-0.5	12	10	20	129300000
282571	-0.5	12	10	20	129780000
998813	-0.5	12	10	20	142500000
140827	-0.5	12	10	20	140200000
916337	-0.5	12	10	20	122050000
386363	-0.5	12	10	20	123840000
695117	-0.5	12	10	20	132200000
176357	-0.5	12	10	20	140300000
333673	-0.5	12	10	20	130820000
305369	-0.5	14	1000	5	161190000
908797	-0.5	14	1000	5	167830000
266129	-0.5	14	1000	5	145770000
314693	-0.5	14	1000	5	166300000
801569	-0.5	14	1000	5	146760000
934229	-0.5	14	1000	5	156210000
997609	-0.5	14	1000	5	160600000
941207	-0.5	14	1000	5	149130000
614051	-0.5	14	1000	5	165050000
235241	-0.5	14	1000	5	182450000
420811	-0.5	14	1000	5	152270000
163147	-0.5	14	1000	5	151380000
282571	-0.5	14	1000	5	157470000
998813	-0.5	14	1000	5	166960000
140827	-0.5	14	1000	5	147690000
916337	-0.5	14	1000	5	144820000
386363	-0.5	14	1000	5	155730000
695117	-0.5	14	1000	5	147890000
176357	-0.5	14	1000	5	168360000
333673	-0.5	14	1000	5	151600000
305369	-0.5	14	1000	20	172620000
908797	-0.5	14	1000	20	178270000
266129	-0.5	14	1000	20	161970000
314693	-0.5	14	1000	20	170740000
801569	-0.5	14	1000	20	150350000
934229	-0.5	14	1000	20	159440000
997609	-0.5	14	1000	20	166120000
941207	-0.5	14	1000	20	156630000
614051	-0.5	14	1000	20	170010000
235241	-0.5	14	1000	20	176170000
420811	-0.5	14	1000	20	149230000
163147	-0.5	14	1000	20	156920000
282571	-0.5	14	1000	20	148900000
998813	-0.5	14	1000	20	163600000
140827	-0.5	14	1000	20	149760000
916337	-0.5	14	1000	20	152150000
386363	-0.5	14	1000	20	154760000
695117	-0.5	14	1000	20	141890000
176357	-0.5	14	1000	20	161490000
333673	-0.5	14	1000	20	146970000
305369	-0.5	14	800	5	152620000
908797	-0.5	14	800	5	165040000
266129	-0.5	14	800	5	142780000
314693	-0.5	14	800	5	161250000
801569	-0.5	14	800	5	139250000
934229	-0.5	14	800	5	157280000
997609	-0.5	14	800	5	156800000
941207	-0.5	14	800	5	148990000
614051	-0.5	14	800	5	166110000
235241	-0.5	14	800	5	178990000
420811	-0.5	14	800	5	151260000
163147	-0.5	14	800	5	149980000
282571	-0.5	14	800	5	151800000
998813	-0.5	14	800	5	160120000
140827	-0.5	14	800	5	152650000
916337	-0.5	14	800	5	148570000
386363	-0.5	14	800	5	158670000
695117	-0.5	14	800	5	147720000
176357	-0.5	14	800	5	160880000
333673	-0.5	14	800	5	152410000
305369	-0.5	14	800	20	164510000
908797	-0.5	14	800	20	167320000
266129	-0.5	14	800	20	156190000
314693	-0.5	14	800	20	164990000
801569	-0.5	14	800	20	152570000
934229	-0.5	14	800	20	160380000
997609	-0.5	14	800	20	163320000
941207	-0.5	14	800	20	162850000
614051	-0.5	14	800	20	169790000
235241	-0.5	14	800	20	180570000
420811	-0.5	14	800	20	150990000
163147	-0.5	14	800	20	154510000
282571	-0.5	14	800	20	149060000
998813	-0.5	14	800	20	149950000
140827	-0.5	14	800	20	167490000
916337	-0.5	14	800	20	148650000
386363	-0.5	14	800	20	154120000
695117	-0.5	14	800	20	140940000
176357	-0.5	14	800	20	161140000
333673	-0.5	14	800	20	1.54e+08
305369	-0.5	14	600	5	154530000
908797	-0.5	14	600	5	167080000
266129	-0.5	14	600	5	142290000
314693	-0.5	14	600	5	143730000
801569	-0.5	14	600	5	144230000
934229	-0.5	14	600	5	150030000
997609	-0.5	14	600	5	158410000
941207	-0.5	14	600	5	149560000
614051	-0.5	14	600	5	162920000
235241	-0.5	14	600	5	179280000
420811	-0.5	14	600	5	148070000
163147	-0.5	14	600	5	148400000
282571	-0.5	14	600	5	152760000
998813	-0.5	14	600	5	161750000
140827	-0.5	14	600	5	159370000
916337	-0.5	14	600	5	150990000
386363	-0.5	14	600	5	161060000
695117	-0.5	14	600	5	150660000
176357	-0.5	14	600	5	160330000
333673	-0.5	14	600	5	151810000
305369	-0.5	14	600	20	171030000
908797	-0.5	14	600	20	177520000
266129	-0.5	14	600	20	156400000
314693	-0.5	14	600	20	158380000
801569	-0.5	14	600	20	156650000
934229	-0.5	14	600	20	157560000
997609	-0.5	14	600	20	169330000
941207	-0.5	14	600	20	147690000
614051	-0.5	14	600	20	162160000
235241	-0.5	14	600	20	177070000
420811	-0.5	14	600	20	150290000
163147	-0.5	14	600	20	154460000
282571	-0.5	14	600	20	150200000
998813	-0.5	14	600	20	159570000
140827	-0.5	14	600	20	156990000
916337	-0.5	14	600	20	146630000
386363	-0.5	14	600	20	156340000
695117	-0.5	14	600	20	141010000
176357	-0.5	14	600	20	158320000
333673	-0.5	14	600	20	151420000
305369	-0.5	14	400	5	158570000
908797	-0.5	14	400	5	171580000
266129	-0.5	14	400	5	139590000
314693	-0.5	14	400	5	142700000
801569	-0.5	14	400	5	147640000
934229	-0.5	14	400	5	153490000
997609	-0.5	14	400	5	154490000
941207	-0.5	14	400	5	150330000
614051	-0.5	14	400	5	158070000
235241	-0.5	14	400	5	175400000
420811	-0.5	14	400	5	144530000
163147	-0.5	14	400	5	151760000
282571	-0.5	14	400	5	153360000
998813	-0.5	14	400	5	153040000
140827	-0.5	14	400	5	154540000
916337	-0.5	14	400	5	142230000
386363	-0.5	14	400	5	146610000
695117	-0.5	14	400	5	150220000
176357	-0.5	14	400	5	160220000
333673	-0.5	14	400	5	144500000
305369	-0.5	14	400	20	173660000
908797	-0.5	14	400	20	179250000
266129	-0.5	14	400	20	1.56e+08
314693	-0.5	14	400	20	163520000
801569	-0.5	14	400	20	155780000
934229	-0.5	14	400	20	162250000
997609	-0.5	14	400	20	156660000
941207	-0.5	14	400	20	150410000
614051	-0.5	14	400	20	159230000
235241	-0.5	14	400	20	175070000
420811	-0.5	14	400	20	153310000
163147	-0.5	14	400	20	153680000
282571	-0.5	14	400	20	152460000
998813	-0.5	14	400	20	156730000
140827	-0.5	14	400	20	155740000
916337	-0.5	14	400	20	147520000
386363	-0.5	14	400	20	138930000
695117	-0.5	14	400	20	138370000
176357	-0.5	14	400	20	157680000
333673	-0.5	14	400	20	152010000
305369	-0.5	14	200	5	162410000
908797	-0.5	14	200	5	168540000
266129	-0.5	14	200	5	137570000
314693	-0.5	14	200	5	132440000
801569	-0.5	14	200	5	143690000
934229	-0.5	14	200	5	140960000
997609	-0.5	14	200	5	148640000
941207	-0.5	14	200	5	146610000
614051	-0.5	14	200	5	157920000
235241	-0.5	14	200	5	158410000
420811	-0.5	14	200	5	138780000
163147	-0.5	14	200	5	141970000
282571	-0.5	14	200	5	153130000
998813	-0.5	14	200	5	151540000
140827	-0.5	14	200	5	150470000
916337	-0.5	14	200	5	134440000
386363	-0.5	14	200	5	136960000
695117	-0.5	14	200	5	141450000
176357	-0.5	14	200	5	157230000
333673	-0.5	14	200	5	134760000
305369	-0.5	14	200	20	162420000
908797	-0.5	14	200	20	173050000
266129	-0.5	14	200	20	150570000
314693	-0.5	14	200	20	149840000
801569	-0.5	14	200	20	139830000
934229	-0.5	14	200	20	152270000
997609	-0.5	14	200	20	146340000
941207	-0.5	14	200	20	145030000
614051	-0.5	14	200	20	155810000
235241	-0.5	14	200	20	153410000
420811	-0.5	14	200	20	140730000
163147	-0.5	14	200	20	140460000
282571	-0.5	14	200	20	144320000
998813	-0.5	14	200	20	155910000
140827	-0.5	14	200	20	147730000
916337	-0.5	14	200	20	146860000
386363	-0.5	14	200	20	120480000
695117	-0.5	14	200	20	136650000
176357	-0.5	14	200	20	155530000
333673	-0.5	14	200	20	146030000
305369	-0.5	14	100	5	151530000
908797	-0.5	14	100	5	155800000
266129	-0.5	14	100	5	126330000
314693	-0.5	14	100	5	128180000
801569	-0.5	14	100	5	134170000
934229	-0.5	14	100	5	137660000
997609	-0.5	14	100	5	139210000
941207	-0.5	14	100	5	143130000
614051	-0.5	14	100	5	148720000
235241	-0.5	14	100	5	150510000
420811	-0.5	14	100	5	124300000
163147	-0.5	14	100	5	130530000
282571	-0.5	14	100	5	140060000
998813	-0.5	14	100	5	140110000
140827	-0.5	14	100	5	146550000
916337	-0.5	14	100	5	122860000
386363	-0.5	14	100	5	128010000
695117	-0.5	14	100	5	132560000
176357	-0.5	14	100	5	151440000
333673	-0.5	14	100	5	132790000
305369	-0.5	14	100	20	154610000
908797	-0.5	14	100	20	150100000
266129	-0.5	14	100	20	133040000
314693	-0.5	14	100	20	132810000
801569	-0.5	14	100	20	134150000
934229	-0.5	14	100	20	138670000
997609	-0.5	14	100	20	137770000
941207	-0.5	14	100	20	137280000
614051	-0.5	14	100	20	140630000
235241	-0.5	14	100	20	155080000
420811	-0.5	14	100	20	126750000
163147	-0.5	14	100	20	136510000
282571	-0.5	14	100	20	135830000
998813	-0.5	14	100	20	145520000
140827	-0.5	14	100	20	137040000
916337	-0.5	14	100	20	1.36e+08
386363	-0.5	14	100	20	117130000
695117	-0.5	14	100	20	135780000
176357	-0.5	14	100	20	150760000
333673	-0.5	14	100	20	140040000
305369	-0.5	14	50	5	139600000
908797	-0.5	14	50	5	146410000
266129	-0.5	14	50	5	116050000
314693	-0.5	14	50	5	122850000
801569	-0.5	14	50	5	124440000
934229	-0.5	14	50	5	123760000
997609	-0.5	14	50	5	122590000
941207	-0.5	14	50	5	134190000
614051	-0.5	14	50	5	139490000
235241	-0.5	14	50	5	145230000
420811	-0.5	14	50	5	114800000
163147	-0.5	14	50	5	115640000
282571	-0.5	14	50	5	123630000
998813	-0.5	14	50	5	133990000
140827	-0.5	14	50	5	131310000
916337	-0.5	14	50	5	104490000
386363	-0.5	14	50	5	123210000
695117	-0.5	14	50	5	125820000
176357	-0.5	14	50	5	143990000
333673	-0.5	14	50	5	110880000
305369	-0.5	14	50	20	144150000
908797	-0.5	14	50	20	147330000
266129	-0.5	14	50	20	128390000
314693	-0.5	14	50	20	132710000
801569	-0.5	14	50	20	121440000
934229	-0.5	14	50	20	130870000
997609	-0.5	14	50	20	125700000
941207	-0.5	14	50	20	135860000
614051	-0.5	14	50	20	136120000
235241	-0.5	14	50	20	145070000
420811	-0.5	14	50	20	124340000
163147	-0.5	14	50	20	123920000
282571	-0.5	14	50	20	129760000
998813	-0.5	14	50	20	138130000
140827	-0.5	14	50	20	127440000
916337	-0.5	14	50	20	121610000
386363	-0.5	14	50	20	117050000
695117	-0.5	14	50	20	135630000
176357	-0.5	14	50	20	136520000
333673	-0.5	14	50	20	126100000
305369	-0.5	14	20	5	119460000
908797	-0.5	14	20	5	128700000
266129	-0.5	14	20	5	102160000
314693	-0.5	14	20	5	105400000
801569	-0.5	14	20	5	107910000
934229	-0.5	14	20	5	92470000
997609	-0.5	14	20	5	115260000
941207	-0.5	14	20	5	122720000
614051	-0.5	14	20	5	116100000
235241	-0.5	14	20	5	121760000
420811	-0.5	14	20	5	103420000
163147	-0.5	14	20	5	101360000
282571	-0.5	14	20	5	114390000
998813	-0.5	14	20	5	101660000
140827	-0.5	14	20	5	112140000
916337	-0.5	14	20	5	93500000
386363	-0.5	14	20	5	111230000
695117	-0.5	14	20	5	111520000
176357	-0.5	14	20	5	117410000
333673	-0.5	14	20	5	95010000
305369	-0.5	14	20	20	142190000
908797	-0.5	14	20	20	146580000
266129	-0.5	14	20	20	120770000
314693	-0.5	14	20	20	132290000
801569	-0.5	14	20	20	120460000
934229	-0.5	14	20	20	121160000
997609	-0.5	14	20	20	125580000
941207	-0.5	14	20	20	135660000
614051	-0.5	14	20	20	138330000
235241	-0.5	14	20	20	138260000
420811	-0.5	14	20	20	120750000
163147	-0.5	14	20	20	118330000
282571	-0.5	14	20	20	124810000
998813	-0.5	14	20	20	139340000
140827	-0.5	14	20	20	122710000
916337	-0.5	14	20	20	118240000
386363	-0.5	14	20	20	120750000
695117	-0.5	14	20	20	132090000
176357	-0.5	14	20	20	133060000
333673	-0.5	14	20	20	123300000
305369	-0.5	14	10	5	105340000
908797	-0.5	14	10	5	122890000
266129	-0.5	14	10	5	89990000
314693	-0.5	14	10	5	95390000
801569	-0.5	14	10	5	90950000
934229	-0.5	14	10	5	83350000
997609	-0.5	14	10	5	98770000
941207	-0.5	14	10	5	107730000
614051	-0.5	14	10	5	97500000
235241	-0.5	14	10	5	110610000
420811	-0.5	14	10	5	93780000
163147	-0.5	14	10	5	91140000
282571	-0.5	14	10	5	95570000
998813	-0.5	14	10	5	85510000
140827	-0.5	14	10	5	97370000
916337	-0.5	14	10	5	83450000
386363	-0.5	14	10	5	97550000
695117	-0.5	14	10	5	103110000
176357	-0.5	14	10	5	104660000
333673	-0.5	14	10	5	90310000
305369	-0.5	14	10	20	142190000
908797	-0.5	14	10	20	146580000
266129	-0.5	14	10	20	120770000
314693	-0.5	14	10	20	132290000
801569	-0.5	14	10	20	120460000
934229	-0.5	14	10	20	121160000
997609	-0.5	14	10	20	125580000
941207	-0.5	14	10	20	135660000
614051	-0.5	14	10	20	138330000
235241	-0.5	14	10	20	138260000
420811	-0.5	14	10	20	120750000
163147	-0.5	14	10	20	118330000
282571	-0.5	14	10	20	124810000
998813	-0.5	14	10	20	139340000
140827	-0.5	14	10	20	122710000
916337	-0.5	14	10	20	118240000
386363	-0.5	14	10	20	120750000
695117	-0.5	14	10	20	132090000
176357	-0.5	14	10	20	133060000
333673	-0.5	14	10	20	123300000
